r2_6_1

VEHICLE_1			COST	COST	COST	VEHICLE_2			COST	COST	COST			
NUMBER	CAPACITY_1	OPER_1	PENAL_1	IDLE_1	NUMBER	CAPACITY_2	OPER_2	PENAL_2	IDLE_2	HOME	E_BIN	PERIOD_NUM
15	500	2	7	3	15	100	1	2	5	30	30	4

ID	X	Y	D	LB	UB	S	K	A
CUST_NO.	XCOORD.	YCOORD.	DEMAND	READY_TIME	DUE_DATE	SERVICE_TIME	PERIODS	AVAILABILITY	CUS_PAY
 
0	150	150	0	0	4823	0	1	1	0
0	150	150	0	0	4823	0	2	1	0
0	150	150	0	0	4823	0	3	1	0
0	150	150	0	0	4823	0	4	1	0
1	40	1	38	1851	1862	5	1	1	300	
1	40	1	38	292	378	5	2	1	300	
1	40	1	38	1841	1952	5	3	1	300	
1	40	1	38	2693	2819	5	4	1	300	
2	107	291	17	2178	2277	5	1	1	300	
2	107	291	17	1199	1231	5	2	1	300	
2	107	291	17	3003	3137	5	3	1	300	
2	107	291	17	946	1087	5	4	0	300	
3	198	159	23	3120	3221	5	1	1	300	
3	198	159	23	2737	2937	5	2	0	300	
3	198	159	23	1746	1852	5	3	1	300	
3	198	159	23	3047	3231	5	4	1	300	
4	57	192	33	2751	2834	5	1	1	300	
4	57	192	33	526	593	5	2	1	300	
4	57	192	33	1572	1692	5	3	1	300	
4	57	192	33	4044	4138	5	4	1	300	
5	168	42	26	2536	2648	5	1	0	300	
5	168	42	26	2213	2389	5	2	1	300	
5	168	42	26	2309	2428	5	3	0	300	
5	168	42	26	2499	2591	5	4	1	300	
6	241	183	12	3339	3529	5	1	1	300	
6	241	183	12	858	968	5	2	1	300	
6	241	183	12	517	625	5	3	1	300	
6	241	183	12	422	481	5	4	1	300	
7	183	43	14	2416	2555	5	1	1	300	
7	183	43	14	49	201	5	2	1	300	
7	183	43	14	639	711	5	3	0	300	
7	183	43	14	747	869	5	4	1	300	
8	224	138	16	3620	3771	5	1	0	300	
8	224	138	16	2495	2597	5	2	1	300	
8	224	138	16	1293	1439	5	3	0	300	
8	224	138	16	804	956	5	4	1	300	
9	88	49	21	699	791	5	1	0	300	
9	88	49	21	1367	1521	5	2	1	300	
9	88	49	21	905	1053	5	3	0	300	
9	88	49	21	2082	2220	5	4	1	300	
10	96	96	33	2035	2123	5	1	1	300	
10	96	96	33	18	189	5	2	1	300	
10	96	96	33	1645	1769	5	3	1	300	
10	96	96	33	2767	2876	5	4	1	300	
11	18	196	8	1736	1841	5	1	0	300	
11	18	196	8	1582	1664	5	2	1	300	
11	18	196	8	1906	2002	5	3	0	300	
11	18	196	8	1176	1268	5	4	1	300	
12	94	12	20	1885	2028	5	1	1	300	
12	94	12	20	1478	1608	5	2	1	300	
12	94	12	20	2070	2111	5	3	0	300	
12	94	12	20	1810	1940	5	4	1	300	
13	125	148	8	3379	3484	5	1	1	300	
13	125	148	8	2816	2946	5	2	0	300	
13	125	148	8	636	822	5	3	1	300	
13	125	148	8	2161	2263	5	4	0	300	
14	158	291	18	644	774	5	1	1	300	
14	158	291	18	1688	1781	5	2	0	300	
14	158	291	18	351	429	5	3	1	300	
14	158	291	18	1620	1771	5	4	1	300	
15	227	62	16	3234	3324	5	1	1	300	
15	227	62	16	1542	1637	5	2	1	300	
15	227	62	16	3419	3524	5	3	1	300	
15	227	62	16	1855	1932	5	4	1	300	
16	102	76	17	3431	3437	5	1	0	300	
16	102	76	17	2456	2567	5	2	1	300	
16	102	76	17	2533	2658	5	3	0	300	
16	102	76	17	1384	1464	5	4	1	300	
17	219	152	8	3855	3938	5	1	0	300	
17	219	152	8	766	861	5	2	1	300	
17	219	152	8	2191	2278	5	3	0	300	
17	219	152	8	3299	3402	5	4	1	300	
18	43	52	31	2256	2391	5	1	1	300	
18	43	52	31	1411	1477	5	2	1	300	
18	43	52	31	3040	3187	5	3	1	300	
18	43	52	31	3174	3317	5	4	0	300	
19	266	212	11	1341	1440	5	1	1	300	
19	266	212	11	3602	3750	5	2	1	300	
19	266	212	11	3490	3588	5	3	0	300	
19	266	212	11	3140	3334	5	4	1	300	
20	157	276	18	438	572	5	1	0	300	
20	157	276	18	4032	4178	5	2	1	300	
20	157	276	18	948	1108	5	3	0	300	
20	157	276	18	523	665	5	4	1	300	
21	135	38	19	2831	3040	5	1	1	300	
21	135	38	19	2992	3042	5	2	0	300	
21	135	38	19	3520	3641	5	3	1	300	
21	135	38	19	2061	2195	5	4	0	300	
22	5	189	5	592	699	5	1	1	300	
22	5	189	5	2179	2311	5	2	0	300	
22	5	189	5	3130	3245	5	3	1	300	
22	5	189	5	2052	2208	5	4	0	300	
23	214	6	35	3451	3590	5	1	1	300	
23	214	6	35	2671	2818	5	2	1	300	
23	214	6	35	1799	1877	5	3	0	300	
23	214	6	35	141	285	5	4	1	300	
24	211	174	33	2048	2199	5	1	1	300	
24	211	174	33	3865	3963	5	2	1	300	
24	211	174	33	2930	3030	5	3	1	300	
24	211	174	33	1987	2117	5	4	1	300	
25	139	270	15	3102	3188	5	1	0	300	
25	139	270	15	2915	3013	5	2	1	300	
25	139	270	15	3581	3724	5	3	1	300	
25	139	270	15	1662	1733	5	4	1	300	
26	225	210	27	456	614	5	1	1	300	
26	225	210	27	169	259	5	2	1	300	
26	225	210	27	2446	2590	5	3	0	300	
26	225	210	27	1137	1290	5	4	1	300	
27	246	133	9	612	745	5	1	0	300	
27	246	133	9	972	1101	5	2	1	300	
27	246	133	9	2115	2193	5	3	0	300	
27	246	133	9	2204	2338	5	4	1	300	
28	247	19	21	3259	3407	5	1	0	300	
28	247	19	21	1944	2049	5	2	1	300	
28	247	19	21	1228	1342	5	3	0	300	
28	247	19	21	2234	2332	5	4	1	300	
29	125	136	5	69	160	5	1	1	300	
29	125	136	5	1962	2130	5	2	0	300	
29	125	136	5	2181	2295	5	3	1	300	
29	125	136	5	2965	3124	5	4	1	300	
30	242	70	22	498	672	5	1	1	300	
30	242	70	22	286	311	5	2	1	300	
30	242	70	22	508	661	5	3	0	300	
30	242	70	22	1052	1217	5	4	1	300	
31	109	148	59	0	4823	5	1	1	0	
31	109	148	59	0	4823	5	2	1	0	
31	109	148	59	0	4823	5	3	1	0	
31	109	148	59	0	4823	5	4	1	0	
32	107	39	9	0	4823	5	1	1	0	
32	107	39	9	0	4823	5	2	1	0	
32	107	39	9	0	4823	5	3	1	0	
32	107	39	9	0	4823	5	4	1	0	
33	252	219	23	0	4823	5	1	1	0	
33	252	219	23	0	4823	5	2	1	0	
33	252	219	23	0	4823	5	3	1	0	
33	252	219	23	0	4823	5	4	1	0	
34	172	2	49	0	4823	5	1	1	0	
34	172	2	49	0	4823	5	2	1	0	
34	172	2	49	0	4823	5	3	1	0	
34	172	2	49	0	4823	5	4	1	0	
35	175	294	36	0	4823	5	1	1	0	
35	175	294	36	0	4823	5	2	1	0	
35	175	294	36	0	4823	5	3	1	0	
35	175	294	36	0	4823	5	4	1	0	
36	143	223	70	0	4823	5	1	1	0	
36	143	223	70	0	4823	5	2	1	0	
36	143	223	70	0	4823	5	3	1	0	
36	143	223	70	0	4823	5	4	1	0	
37	188	69	45	0	4823	5	1	1	0	
37	188	69	45	0	4823	5	2	1	0	
37	188	69	45	0	4823	5	3	1	0	
37	188	69	45	0	4823	5	4	1	0	
38	175	281	47	0	4823	5	1	1	0	
38	175	281	47	0	4823	5	2	1	0	
38	175	281	47	0	4823	5	3	1	0	
38	175	281	47	0	4823	5	4	1	0	
39	38	44	40	0	4823	5	1	1	0	
39	38	44	40	0	4823	5	2	1	0	
39	38	44	40	0	4823	5	3	1	0	
39	38	44	40	0	4823	5	4	1	0	
40	149	76	20	0	4823	5	1	1	0	
40	149	76	20	0	4823	5	2	1	0	
40	149	76	20	0	4823	5	3	1	0	
40	149	76	20	0	4823	5	4	1	0	
41	131	220	33	0	4823	5	1	1	0	
41	131	220	33	0	4823	5	2	1	0	
41	131	220	33	0	4823	5	3	1	0	
41	131	220	33	0	4823	5	4	1	0	
42	9	122	49	0	4823	5	1	1	0	
42	9	122	49	0	4823	5	2	1	0	
42	9	122	49	0	4823	5	3	1	0	
42	9	122	49	0	4823	5	4	1	0	
43	136	295	38	0	4823	5	1	1	0	
43	136	295	38	0	4823	5	2	1	0	
43	136	295	38	0	4823	5	3	1	0	
43	136	295	38	0	4823	5	4	1	0	
44	274	66	61	0	4823	5	1	1	0	
44	274	66	61	0	4823	5	2	1	0	
44	274	66	61	0	4823	5	3	1	0	
44	274	66	61	0	4823	5	4	1	0	
45	222	100	28	0	4823	5	1	1	0	
45	222	100	28	0	4823	5	2	1	0	
45	222	100	28	0	4823	5	3	1	0	
45	222	100	28	0	4823	5	4	1	0	
46	150	185	32	0	4823	5	1	1	0	
46	150	185	32	0	4823	5	2	1	0	
46	150	185	32	0	4823	5	3	1	0	
46	150	185	32	0	4823	5	4	1	0	
47	241	208	81	0	4823	5	1	1	0	
47	241	208	81	0	4823	5	2	1	0	
47	241	208	81	0	4823	5	3	1	0	
47	241	208	81	0	4823	5	4	1	0	
48	4	296	38	0	4823	5	1	1	0	
48	4	296	38	0	4823	5	2	1	0	
48	4	296	38	0	4823	5	3	1	0	
48	4	296	38	0	4823	5	4	1	0	
49	183	88	65	0	4823	5	1	1	0	
49	183	88	65	0	4823	5	2	1	0	
49	183	88	65	0	4823	5	3	1	0	
49	183	88	65	0	4823	5	4	1	0	
50	148	299	55	0	4823	5	1	1	0	
50	148	299	55	0	4823	5	2	1	0	
50	148	299	55	0	4823	5	3	1	0	
50	148	299	55	0	4823	5	4	1	0	
51	211	62	38	0	4823	5	1	1	0	
51	211	62	38	0	4823	5	2	1	0	
51	211	62	38	0	4823	5	3	1	0	
51	211	62	38	0	4823	5	4	1	0	
52	12	275	28	0	4823	5	1	1	0	
52	12	275	28	0	4823	5	2	1	0	
52	12	275	28	0	4823	5	3	1	0	
52	12	275	28	0	4823	5	4	1	0	
53	174	238	51	0	4823	5	1	1	0	
53	174	238	51	0	4823	5	2	1	0	
53	174	238	51	0	4823	5	3	1	0	
53	174	238	51	0	4823	5	4	1	0	
54	267	29	63	0	4823	5	1	1	0	
54	267	29	63	0	4823	5	2	1	0	
54	267	29	63	0	4823	5	3	1	0	
54	267	29	63	0	4823	5	4	1	0	
55	15	2	35	0	4823	5	1	1	0	
55	15	2	35	0	4823	5	2	1	0	
55	15	2	35	0	4823	5	3	1	0	
55	15	2	35	0	4823	5	4	1	0	
56	15	209	35	0	4823	5	1	1	0	
56	15	209	35	0	4823	5	2	1	0	
56	15	209	35	0	4823	5	3	1	0	
56	15	209	35	0	4823	5	4	1	0	
57	83	188	16	0	4823	5	1	1	0	
57	83	188	16	0	4823	5	2	1	0	
57	83	188	16	0	4823	5	3	1	0	
57	83	188	16	0	4823	5	4	1	0	
58	206	157	46	0	4823	5	1	1	0	
58	206	157	46	0	4823	5	2	1	0	
58	206	157	46	0	4823	5	3	1	0	
58	206	157	46	0	4823	5	4	1	0	
59	162	250	54	0	4823	5	1	1	0	
59	162	250	54	0	4823	5	2	1	0	
59	162	250	54	0	4823	5	3	1	0	
59	162	250	54	0	4823	5	4	1	0	
60	19	290	52	0	4823	5	1	1	0	
60	19	290	52	0	4823	5	2	1	0	
60	19	290	52	0	4823	5	3	1	0	
60	19	290	52	0	4823	5	4	1	0	
0	150	150	0	0	4823	0	1	1	0
0	150	150	0	0	4823	0	2	1	0
0	150	150	0	0	4823	0	3	1	0
0	150	150	0	0	4823	0	4	1	0
