r1_6_1

VEHICLE_1			COST	COST	COST	VEHICLE_2			COST	COST	COST			
NUMBER	CAPACITY_1	OPER_1	PENAL_1	IDLE_1	NUMBER	CAPACITY_2	OPER_2	PENAL_2	IDLE_2	HOME	E_BIN	PERIOD_NUM
28	500	2	7	3	28	100	1	2	5	55	55	4

ID	X	Y	D	LB	UB	S	K	A
CUST_NO.	XCOORD.	YCOORD.	DEMAND	READY_TIME	DUE_DATE	SERVICE_TIME	PERIODS	AVAILABILITY	CUS_PAY
 
0	150	150	0	0	1206	0	1	1	0
0	150	150	0	0	1206	0	2	1	0
0	150	150	0	0	1206	0	3	1	0
0	150	150	0	0	1206	0	4	1	0
1	71	268	10	231	641	5	1	1	300	
1	71	268	10	83	493	5	2	0	300	
1	71	268	10	833	1043	5	3	1	300	
1	71	268	10	31	241	5	4	0	300	
2	287	293	14	548	758	5	1	1	300	
2	287	293	14	624	934	5	2	0	300	
2	287	293	14	680	1090	5	3	1	300	
2	287	293	14	528	838	5	4	1	300	
3	152	29	10	509	919	5	1	1	300	
3	152	29	10	218	528	5	2	0	300	
3	152	29	10	721	1031	5	3	1	300	
3	152	29	10	602	1012	5	4	1	300	
4	148	157	24	7	317	5	1	0	300	
4	148	157	24	646	1056	5	2	1	300	
4	148	157	24	477	787	5	3	1	300	
4	148	157	24	460	770	5	4	1	300	
5	119	254	42	517	827	5	1	0	300	
5	119	254	42	343	653	5	2	1	300	
5	119	254	42	338	548	5	3	0	300	
5	119	254	42	240	650	5	4	1	300	
6	110	31	15	373	783	5	1	1	300	
6	110	31	15	696	1106	5	2	0	300	
6	110	31	15	587	997	5	3	1	300	
6	110	31	15	83	493	5	4	1	300	
7	136	228	2	367	777	5	1	0	300	
7	136	228	2	215	525	5	2	1	300	
7	136	228	2	212	622	5	3	0	300	
7	136	228	2	263	673	5	4	1	300	
8	67	175	3	286	596	5	1	1	300	
8	67	175	3	412	822	5	2	1	300	
8	67	175	3	88	398	5	3	0	300	
8	67	175	3	664	1074	5	4	1	300	
9	26	27	16	680	890	5	1	0	300	
9	26	27	16	253	663	5	2	1	300	
9	26	27	16	490	700	5	3	1	300	
9	26	27	16	614	824	5	4	1	300	
10	170	53	21	172	482	5	1	0	300	
10	170	53	21	49	459	5	2	1	300	
10	170	53	21	90	400	5	3	0	300	
10	170	53	21	415	825	5	4	1	300	
11	209	269	17	456	666	5	1	1	300	
11	209	269	17	357	667	5	2	0	300	
11	209	269	17	260	570	5	3	1	300	
11	209	269	17	354	764	5	4	1	300	
12	296	211	22	206	416	5	1	0	300	
12	296	211	22	656	1066	5	2	1	300	
12	296	211	22	303	713	5	3	0	300	
12	296	211	22	653	863	5	4	1	300	
13	29	8	24	361	771	5	1	1	300	
13	29	8	24	536	846	5	2	0	300	
13	29	8	24	398	708	5	3	1	300	
13	29	8	24	501	911	5	4	0	300	
14	282	76	26	566	876	5	1	1	300	
14	282	76	26	602	1012	5	2	0	300	
14	282	76	26	422	832	5	3	1	300	
14	282	76	26	438	848	5	4	1	300	
15	106	243	22	198	408	5	1	0	300	
15	106	243	22	195	505	5	2	1	300	
15	106	243	22	147	457	5	3	1	300	
15	106	243	22	108	418	5	4	1	300	
16	295	123	29	380	790	5	1	1	300	
16	295	123	29	561	771	5	2	1	300	
16	295	123	29	498	808	5	3	0	300	
16	295	123	29	257	667	5	4	1	300	
17	42	221	29	306	616	5	1	1	300	
17	42	221	29	433	843	5	2	0	300	
17	42	221	29	469	779	5	3	1	300	
17	42	221	29	456	766	5	4	0	300	
18	227	5	13	380	790	5	1	1	300	
18	227	5	13	693	1003	5	2	1	300	
18	227	5	13	17	327	5	3	1	300	
18	227	5	13	436	746	5	4	1	300	
19	152	77	10	78	488	5	1	1	300	
19	152	77	10	556	766	5	2	0	300	
19	152	77	10	79	389	5	3	1	300	
19	152	77	10	599	809	5	4	0	300	
20	63	170	19	275	685	5	1	1	300	
20	63	170	19	222	432	5	2	0	300	
20	63	170	19	566	976	5	3	1	300	
20	63	170	19	643	953	5	4	1	300	
21	112	43	42	563	873	5	1	1	300	
21	112	43	42	494	804	5	2	0	300	
21	112	43	42	475	885	5	3	1	300	
21	112	43	42	311	721	5	4	0	300	
22	182	284	3	523	933	5	1	1	300	
22	182	284	3	115	325	5	2	1	300	
22	182	284	3	694	1004	5	3	1	300	
22	182	284	3	269	479	5	4	1	300	
23	211	174	33	526	936	5	1	1	300	
23	211	174	33	467	877	5	2	0	300	
23	211	174	33	514	824	5	3	1	300	
23	211	174	33	463	873	5	4	1	300	
24	85	75	18	336	746	5	1	0	300	
24	85	75	18	297	707	5	2	1	300	
24	85	75	18	260	670	5	3	1	300	
24	85	75	18	403	613	5	4	0	300	
25	203	36	18	407	817	5	1	1	300	
25	203	36	18	536	846	5	2	0	300	
25	203	36	18	140	550	5	3	1	300	
25	203	36	18	286	496	5	4	1	300	
26	192	150	6	42	252	5	1	0	300	
26	192	150	6	653	863	5	2	1	300	
26	192	150	6	489	899	5	3	1	300	
26	192	150	6	36	246	5	4	0	300	
27	126	266	27	504	714	5	1	1	300	
27	126	266	27	541	851	5	2	1	300	
27	126	266	27	397	607	5	3	0	300	
27	126	266	27	296	706	5	4	1	300	
28	172	198	29	440	850	5	1	0	300	
28	172	198	29	392	602	5	2	1	300	
28	172	198	29	518	928	5	3	0	300	
28	172	198	29	572	782	5	4	1	300	
29	149	76	10	510	820	5	1	1	300	
29	149	76	10	721	931	5	2	0	300	
29	149	76	10	331	541	5	3	1	300	
29	149	76	10	377	787	5	4	1	300	
30	125	148	8	453	863	5	1	1	300	
30	125	148	8	48	358	5	2	0	300	
30	125	148	8	404	814	5	3	1	300	
30	125	148	8	166	476	5	4	0	300	
31	234	107	24	348	758	5	1	1	300	
31	234	107	24	637	947	5	2	1	300	
31	234	107	24	667	977	5	3	1	300	
31	234	107	24	626	836	5	4	0	300	
32	165	256	12	597	807	5	1	1	300	
32	165	256	12	657	1067	5	2	1	300	
32	165	256	12	141	451	5	3	1	300	
32	165	256	12	58	268	5	4	1	300	
33	224	61	22	483	793	5	1	1	300	
33	224	61	22	382	592	5	2	0	300	
33	224	61	22	549	959	5	3	1	300	
33	224	61	22	112	322	5	4	1	300	
34	30	145	23	557	867	5	1	0	300	
34	30	145	23	549	759	5	2	1	300	
34	30	145	23	550	860	5	3	0	300	
34	30	145	23	339	549	5	4	1	300	
35	159	266	2	605	915	5	1	0	300	
35	159	266	2	388	798	5	2	1	300	
35	159	266	2	148	558	5	3	0	300	
35	159	266	2	432	742	5	4	1	300	
36	34	5	16	445	755	5	1	0	300	
36	34	5	16	692	1102	5	2	1	300	
36	34	5	16	401	811	5	3	0	300	
36	34	5	16	695	1105	5	4	1	300	
37	203	183	26	80	490	5	1	1	300	
37	203	183	26	273	483	5	2	0	300	
37	203	183	26	572	882	5	3	1	300	
37	203	183	26	521	731	5	4	0	300	
38	274	6	41	529	939	5	1	1	300	
38	274	6	41	49	359	5	2	1	300	
38	274	6	41	175	585	5	3	1	300	
38	274	6	41	146	556	5	4	1	300	
39	156	182	20	608	918	5	1	0	300	
39	156	182	20	643	853	5	2	1	300	
39	156	182	20	555	765	5	3	0	300	
39	156	182	20	369	779	5	4	1	300	
40	153	226	18	391	601	5	1	1	300	
40	153	226	18	587	897	5	2	0	300	
40	153	226	18	263	673	5	3	1	300	
40	153	226	18	483	893	5	4	0	300	
41	221	145	9	627	1037	5	1	1	300	
41	221	145	9	106	516	5	2	1	300	
41	221	145	9	708	918	5	3	1	300	
41	221	145	9	336	746	5	4	1	300	
42	296	235	25	570	880	5	1	0	300	
42	296	235	25	633	843	5	2	1	300	
42	296	235	25	35	245	5	3	1	300	
42	296	235	25	627	937	5	4	1	300	
43	169	236	3	749	959	5	1	1	300	
43	169	236	3	132	542	5	2	0	300	
43	169	236	3	489	899	5	3	1	300	
43	169	236	3	490	800	5	4	0	300	
44	200	26	10	454	664	5	1	1	300	
44	200	26	10	254	464	5	2	0	300	
44	200	26	10	484	894	5	3	1	300	
44	200	26	10	74	484	5	4	1	300	
45	183	44	17	119	429	5	1	0	300	
45	183	44	17	455	665	5	2	1	300	
45	183	44	17	252	562	5	3	0	300	
45	183	44	17	471	781	5	4	1	300	
46	161	242	30	486	896	5	1	1	300	
46	161	242	30	672	982	5	2	1	300	
46	161	242	30	443	853	5	3	1	300	
46	161	242	30	112	522	5	4	0	300	
47	125	168	27	577	887	5	1	1	300	
47	125	168	27	498	908	5	2	1	300	
47	125	168	27	404	814	5	3	1	300	
47	125	168	27	522	932	5	4	0	300	
48	263	291	2	197	507	5	1	1	300	
48	263	291	2	554	964	5	2	0	300	
48	263	291	2	688	998	5	3	1	300	
48	263	291	2	143	553	5	4	0	300	
49	129	77	11	648	958	5	1	1	300	
49	129	77	11	748	1158	5	2	0	300	
49	129	77	11	131	341	5	3	1	300	
49	129	77	11	157	367	5	4	0	300	
50	183	23	26	584	894	5	1	1	300	
50	183	23	26	500	710	5	2	1	300	
50	183	23	26	234	644	5	3	0	300	
50	183	23	26	604	814	5	4	1	300	
51	64	91	29	109	519	5	1	1	300	
51	64	91	29	346	556	5	2	0	300	
51	64	91	29	708	918	5	3	1	300	
51	64	91	29	576	786	5	4	1	300	
52	37	159	7	126	336	5	1	1	300	
52	37	159	7	618	828	5	2	1	300	
52	37	159	7	33	443	5	3	0	300	
52	37	159	7	464	774	5	4	1	300	
53	18	196	8	442	652	5	1	0	300	
53	18	196	8	181	491	5	2	1	300	
53	18	196	8	349	759	5	3	0	300	
53	18	196	8	205	515	5	4	1	300	
54	15	88	12	354	664	5	1	1	300	
54	15	88	12	470	780	5	2	1	300	
54	15	88	12	403	713	5	3	0	300	
54	15	88	12	384	794	5	4	1	300	
55	275	263	33	177	587	5	1	0	300	
55	275	263	33	382	792	5	2	1	300	
55	275	263	33	616	1026	5	3	1	300	
55	275	263	33	506	716	5	4	1	300	
56	170	93	59	0	1206	5	1	1	0	
56	170	93	59	0	1206	5	2	1	0	
56	170	93	59	0	1206	5	3	1	0	
56	170	93	59	0	1206	5	4	1	0	
57	139	110	61	0	1206	5	1	1	0	
57	139	110	61	0	1206	5	2	1	0	
57	139	110	61	0	1206	5	3	1	0	
57	139	110	61	0	1206	5	4	1	0	
58	157	84	19	0	1206	5	1	1	0	
58	157	84	19	0	1206	5	2	1	0	
58	157	84	19	0	1206	5	3	1	0	
58	157	84	19	0	1206	5	4	1	0	
59	133	153	82	0	1206	5	1	1	0	
59	133	153	82	0	1206	5	2	1	0	
59	133	153	82	0	1206	5	3	1	0	
59	133	153	82	0	1206	5	4	1	0	
60	133	187	16	0	1206	5	1	1	0	
60	133	187	16	0	1206	5	2	1	0	
60	133	187	16	0	1206	5	3	1	0	
60	133	187	16	0	1206	5	4	1	0	
61	15	178	59	0	1206	5	1	1	0	
61	15	178	59	0	1206	5	2	1	0	
61	15	178	59	0	1206	5	3	1	0	
61	15	178	59	0	1206	5	4	1	0	
62	198	100	45	0	1206	5	1	1	0	
62	198	100	45	0	1206	5	2	1	0	
62	198	100	45	0	1206	5	3	1	0	
62	198	100	45	0	1206	5	4	1	0	
63	8	227	73	0	1206	5	1	1	0	
63	8	227	73	0	1206	5	2	1	0	
63	8	227	73	0	1206	5	3	1	0	
63	8	227	73	0	1206	5	4	1	0	
64	220	43	48	0	1206	5	1	1	0	
64	220	43	48	0	1206	5	2	1	0	
64	220	43	48	0	1206	5	3	1	0	
64	220	43	48	0	1206	5	4	1	0	
65	117	155	32	0	1206	5	1	1	0	
65	117	155	32	0	1206	5	2	1	0	
65	117	155	32	0	1206	5	3	1	0	
65	117	155	32	0	1206	5	4	1	0	
66	148	172	25	0	1206	5	1	1	0	
66	148	172	25	0	1206	5	2	1	0	
66	148	172	25	0	1206	5	3	1	0	
66	148	172	25	0	1206	5	4	1	0	
67	127	77	41	0	1206	5	1	1	0	
67	127	77	41	0	1206	5	2	1	0	
67	127	77	41	0	1206	5	3	1	0	
67	127	77	41	0	1206	5	4	1	0	
68	167	193	49	0	1206	5	1	1	0	
68	167	193	49	0	1206	5	2	1	0	
68	167	193	49	0	1206	5	3	1	0	
68	167	193	49	0	1206	5	4	1	0	
69	31	68	67	0	1206	5	1	1	0	
69	31	68	67	0	1206	5	2	1	0	
69	31	68	67	0	1206	5	3	1	0	
69	31	68	67	0	1206	5	4	1	0	
70	88	110	21	0	1206	5	1	1	0	
70	88	110	21	0	1206	5	2	1	0	
70	88	110	21	0	1206	5	3	1	0	
70	88	110	21	0	1206	5	4	1	0	
71	239	84	47	0	1206	5	1	1	0	
71	239	84	47	0	1206	5	2	1	0	
71	239	84	47	0	1206	5	3	1	0	
71	239	84	47	0	1206	5	4	1	0	
72	186	26	35	0	1206	5	1	1	0	
72	186	26	35	0	1206	5	2	1	0	
72	186	26	35	0	1206	5	3	1	0	
72	186	26	35	0	1206	5	4	1	0	
73	238	294	32	0	1206	5	1	1	0	
73	238	294	32	0	1206	5	2	1	0	
73	238	294	32	0	1206	5	3	1	0	
73	238	294	32	0	1206	5	4	1	0	
74	157	221	20	0	1206	5	1	1	0	
74	157	221	20	0	1206	5	2	1	0	
74	157	221	20	0	1206	5	3	1	0	
74	157	221	20	0	1206	5	4	1	0	
75	213	299	62	0	1206	5	1	1	0	
75	213	299	62	0	1206	5	2	1	0	
75	213	299	62	0	1206	5	3	1	0	
75	213	299	62	0	1206	5	4	1	0	
76	51	2	71	0	1206	5	1	1	0	
76	51	2	71	0	1206	5	2	1	0	
76	51	2	71	0	1206	5	3	1	0	
76	51	2	71	0	1206	5	4	1	0	
77	116	240	37	0	1206	5	1	1	0	
77	116	240	37	0	1206	5	2	1	0	
77	116	240	37	0	1206	5	3	1	0	
77	116	240	37	0	1206	5	4	1	0	
78	203	166	40	0	1206	5	1	1	0	
78	203	166	40	0	1206	5	2	1	0	
78	203	166	40	0	1206	5	3	1	0	
78	203	166	40	0	1206	5	4	1	0	
79	57	127	40	0	1206	5	1	1	0	
79	57	127	40	0	1206	5	2	1	0	
79	57	127	40	0	1206	5	3	1	0	
79	57	127	40	0	1206	5	4	1	0	
80	9	239	20	0	1206	5	1	1	0	
80	9	239	20	0	1206	5	2	1	0	
80	9	239	20	0	1206	5	3	1	0	
80	9	239	20	0	1206	5	4	1	0	
81	248	41	11	0	1206	5	1	1	0	
81	248	41	11	0	1206	5	2	1	0	
81	248	41	11	0	1206	5	3	1	0	
81	248	41	11	0	1206	5	4	1	0	
82	5	189	45	0	1206	5	1	1	0	
82	5	189	45	0	1206	5	2	1	0	
82	5	189	45	0	1206	5	3	1	0	
82	5	189	45	0	1206	5	4	1	0	
83	1	145	36	0	1206	5	1	1	0	
83	1	145	36	0	1206	5	2	1	0	
83	1	145	36	0	1206	5	3	1	0	
83	1	145	36	0	1206	5	4	1	0	
84	255	203	42	0	1206	5	1	1	0	
84	255	203	42	0	1206	5	2	1	0	
84	255	203	42	0	1206	5	3	1	0	
84	255	203	42	0	1206	5	4	1	0	
85	266	203	6	0	1206	5	1	1	0	
85	266	203	6	0	1206	5	2	1	0	
85	266	203	6	0	1206	5	3	1	0	
85	266	203	6	0	1206	5	4	1	0	
86	12	275	28	0	1206	5	1	1	0	
86	12	275	28	0	1206	5	2	1	0	
86	12	275	28	0	1206	5	3	1	0	
86	12	275	28	0	1206	5	4	1	0	
87	228	217	62	0	1206	5	1	1	0	
87	228	217	62	0	1206	5	2	1	0	
87	228	217	62	0	1206	5	3	1	0	
87	228	217	62	0	1206	5	4	1	0	
88	76	221	24	0	1206	5	1	1	0	
88	76	221	24	0	1206	5	2	1	0	
88	76	221	24	0	1206	5	3	1	0	
88	76	221	24	0	1206	5	4	1	0	
89	57	192	53	0	1206	5	1	1	0	
89	57	192	53	0	1206	5	2	1	0	
89	57	192	53	0	1206	5	3	1	0	
89	57	192	53	0	1206	5	4	1	0	
90	208	297	8	0	1206	5	1	1	0	
90	208	297	8	0	1206	5	2	1	0	
90	208	297	8	0	1206	5	3	1	0	
90	208	297	8	0	1206	5	4	1	0	
91	241	208	81	0	1206	5	1	1	0	
91	241	208	81	0	1206	5	2	1	0	
91	241	208	81	0	1206	5	3	1	0	
91	241	208	81	0	1206	5	4	1	0	
92	156	57	27	0	1206	5	1	1	0	
92	156	57	27	0	1206	5	2	1	0	
92	156	57	27	0	1206	5	3	1	0	
92	156	57	27	0	1206	5	4	1	0	
93	190	181	80	0	1206	5	1	1	0	
93	190	181	80	0	1206	5	2	1	0	
93	190	181	80	0	1206	5	3	1	0	
93	190	181	80	0	1206	5	4	1	0	
94	172	2	9	0	1206	5	1	1	0	
94	172	2	9	0	1206	5	2	1	0	
94	172	2	9	0	1206	5	3	1	0	
94	172	2	9	0	1206	5	4	1	0	
95	102	81	42	0	1206	5	1	1	0	
95	102	81	42	0	1206	5	2	1	0	
95	102	81	42	0	1206	5	3	1	0	
95	102	81	42	0	1206	5	4	1	0	
96	40	1	58	0	1206	5	1	1	0	
96	40	1	58	0	1206	5	2	1	0	
96	40	1	58	0	1206	5	3	1	0	
96	40	1	58	0	1206	5	4	1	0	
97	89	61	24	0	1206	5	1	1	0	
97	89	61	24	0	1206	5	2	1	0	
97	89	61	24	0	1206	5	3	1	0	
97	89	61	24	0	1206	5	4	1	0	
98	223	198	44	0	1206	5	1	1	0	
98	223	198	44	0	1206	5	2	1	0	
98	223	198	44	0	1206	5	3	1	0	
98	223	198	44	0	1206	5	4	1	0	
99	15	219	69	0	1206	5	1	1	0	
99	15	219	69	0	1206	5	2	1	0	
99	15	219	69	0	1206	5	3	1	0	
99	15	219	69	0	1206	5	4	1	0	
100	4	296	28	0	1206	5	1	1	0	
100	4	296	28	0	1206	5	2	1	0	
100	4	296	28	0	1206	5	3	1	0	
100	4	296	28	0	1206	5	4	1	0	
101	180	98	13	0	1206	5	1	1	0	
101	180	98	13	0	1206	5	2	1	0	
101	180	98	13	0	1206	5	3	1	0	
101	180	98	13	0	1206	5	4	1	0	
102	82	100	36	0	1206	5	1	1	0	
102	82	100	36	0	1206	5	2	1	0	
102	82	100	36	0	1206	5	3	1	0	
102	82	100	36	0	1206	5	4	1	0	
103	152	258	85	0	1206	5	1	1	0	
103	152	258	85	0	1206	5	2	1	0	
103	152	258	85	0	1206	5	3	1	0	
103	152	258	85	0	1206	5	4	1	0	
104	180	106	59	0	1206	5	1	1	0	
104	180	106	59	0	1206	5	2	1	0	
104	180	106	59	0	1206	5	3	1	0	
104	180	106	59	0	1206	5	4	1	0	
105	173	152	62	0	1206	5	1	1	0	
105	173	152	62	0	1206	5	2	1	0	
105	173	152	62	0	1206	5	3	1	0	
105	173	152	62	0	1206	5	4	1	0	
106	172	225	63	0	1206	5	1	1	0	
106	172	225	63	0	1206	5	2	1	0	
106	172	225	63	0	1206	5	3	1	0	
106	172	225	63	0	1206	5	4	1	0	
107	51	217	76	0	1206	5	1	1	0	
107	51	217	76	0	1206	5	2	1	0	
107	51	217	76	0	1206	5	3	1	0	
107	51	217	76	0	1206	5	4	1	0	
108	208	117	15	0	1206	5	1	1	0	
108	208	117	15	0	1206	5	2	1	0	
108	208	117	15	0	1206	5	3	1	0	
108	208	117	15	0	1206	5	4	1	0	
109	25	64	10	0	1206	5	1	1	0	
109	25	64	10	0	1206	5	2	1	0	
109	25	64	10	0	1206	5	3	1	0	
109	25	64	10	0	1206	5	4	1	0	
110	261	232	42	0	1206	5	1	1	0	
110	261	232	42	0	1206	5	2	1	0	
110	261	232	42	0	1206	5	3	1	0	
110	261	232	42	0	1206	5	4	1	0	
0	150	150	0	0	1206	0	1	1	0
0	150	150	0	0	1206	0	2	1	0
0	150	150	0	0	1206	0	3	1	0
0	150	150	0	0	1206	0	4	1	0
