r1_6_1

VEHICLE_1			COST	COST	COST	VEHICLE_2			COST	COST	COST			
NUMBER	CAPACITY_1	OPER_1	PENAL_1	IDLE_1	NUMBER	CAPACITY_2	OPER_2	PENAL_2	IDLE_2	HOME	E_BIN	PERIOD_NUM
20	500	2	7	3	20	100	1	2	5	40	40	4

ID	X	Y	D	LB	UB	S	K	A
CUST_NO.	XCOORD.	YCOORD.	DEMAND	READY_TIME	DUE_DATE	SERVICE_TIME	PERIODS	AVAILABILITY	CUS_PAY
 
0	150	150	0	0	1206	0	1	1	0
0	150	150	0	0	1206	0	2	1	0
0	150	150	0	0	1206	0	3	1	0
0	150	150	0	0	1206	0	4	1	0
1	184	237	14	373	783	5	1	1	300	
1	184	237	14	578	788	5	2	0	300	
1	184	237	14	422	832	5	3	1	300	
1	184	237	14	515	825	5	4	1	300	
2	230	128	21	390	800	5	1	0	300	
2	230	128	21	97	507	5	2	1	300	
2	230	128	21	350	560	5	3	0	300	
2	230	128	21	407	717	5	4	1	300	
3	180	93	2	579	989	5	1	0	300	
3	180	93	2	187	397	5	2	1	300	
3	180	93	2	417	727	5	3	1	300	
3	180	93	2	620	1030	5	4	0	300	
4	263	193	29	276	586	5	1	1	300	
4	263	193	29	445	755	5	2	0	300	
4	263	193	29	495	805	5	3	1	300	
4	263	193	29	533	843	5	4	0	300	
5	150	67	29	83	393	5	1	1	300	
5	150	67	29	718	1028	5	2	1	300	
5	150	67	29	301	511	5	3	1	300	
5	150	67	29	418	828	5	4	0	300	
6	38	74	16	160	470	5	1	1	300	
6	38	74	16	22	332	5	2	0	300	
6	38	74	16	643	953	5	3	1	300	
6	38	74	16	13	323	5	4	0	300	
7	112	161	11	39	349	5	1	1	300	
7	112	161	11	440	850	5	2	0	300	
7	112	161	11	3	313	5	3	1	300	
7	112	161	11	163	573	5	4	0	300	
8	43	62	14	531	841	5	1	1	300	
8	43	62	14	633	1043	5	2	1	300	
8	43	62	14	526	736	5	3	0	300	
8	43	62	14	592	802	5	4	1	300	
9	96	199	16	629	1039	5	1	0	300	
9	96	199	16	508	918	5	2	1	300	
9	96	199	16	362	772	5	3	0	300	
9	96	199	16	603	813	5	4	1	300	
10	121	116	23	511	721	5	1	1	300	
10	121	116	23	644	1054	5	2	1	300	
10	121	116	23	178	488	5	3	0	300	
10	121	116	23	308	718	5	4	1	300	
11	108	80	1	485	895	5	1	1	300	
11	108	80	1	594	1004	5	2	0	300	
11	108	80	1	137	547	5	3	1	300	
11	108	80	1	681	891	5	4	0	300	
12	183	282	42	452	662	5	1	1	300	
12	183	282	42	575	785	5	2	0	300	
12	183	282	42	650	860	5	3	1	300	
12	183	282	42	223	433	5	4	1	300	
13	189	201	21	686	996	5	1	0	300	
13	189	201	21	229	639	5	2	1	300	
13	189	201	21	489	899	5	3	1	300	
13	189	201	21	387	597	5	4	0	300	
14	128	225	5	647	1057	5	1	1	300	
14	128	225	5	421	631	5	2	1	300	
14	128	225	5	586	796	5	3	1	300	
14	128	225	5	429	839	5	4	1	300	
15	109	61	17	407	717	5	1	0	300	
15	109	61	17	548	958	5	2	1	300	
15	109	61	17	166	476	5	3	0	300	
15	109	61	17	597	807	5	4	1	300	
16	140	294	18	419	829	5	1	0	300	
16	140	294	18	227	637	5	2	1	300	
16	140	294	18	12	222	5	3	0	300	
16	140	294	18	198	508	5	4	1	300	
17	75	265	14	676	886	5	1	1	300	
17	75	265	14	535	945	5	2	0	300	
17	75	265	14	516	726	5	3	1	300	
17	75	265	14	748	958	5	4	1	300	
18	27	255	5	251	661	5	1	1	300	
18	27	255	5	700	1010	5	2	1	300	
18	27	255	5	549	959	5	3	0	300	
18	27	255	5	720	930	5	4	1	300	
19	248	280	27	300	710	5	1	1	300	
19	248	280	27	356	766	5	2	1	300	
19	248	280	27	535	845	5	3	1	300	
19	248	280	27	72	482	5	4	0	300	
20	75	127	37	525	835	5	1	1	300	
20	75	127	37	326	636	5	2	0	300	
20	75	127	37	206	516	5	3	1	300	
20	75	127	37	532	742	5	4	1	300	
21	247	86	21	222	632	5	1	0	300	
21	247	86	21	479	889	5	2	1	300	
21	247	86	21	53	263	5	3	1	300	
21	247	86	21	655	865	5	4	1	300	
22	246	166	18	554	964	5	1	1	300	
22	246	166	18	156	466	5	2	1	300	
22	246	166	18	162	372	5	3	1	300	
22	246	166	18	281	591	5	4	0	300	
23	44	223	22	265	675	5	1	1	300	
23	44	223	22	149	559	5	2	0	300	
23	44	223	22	415	625	5	3	1	300	
23	44	223	22	634	944	5	4	0	300	
24	24	76	23	507	717	5	1	1	300	
24	24	76	23	440	750	5	2	0	300	
24	24	76	23	484	694	5	3	1	300	
24	24	76	23	527	837	5	4	0	300	
25	164	108	21	44	254	5	1	1	300	
25	164	108	21	650	860	5	2	0	300	
25	164	108	21	48	358	5	3	1	300	
25	164	108	21	227	637	5	4	1	300	
26	28	124	12	415	725	5	1	0	300	
26	28	124	12	522	832	5	2	1	300	
26	28	124	12	696	1106	5	3	1	300	
26	28	124	12	308	518	5	4	1	300	
27	108	3	16	681	991	5	1	1	300	
27	108	3	16	577	887	5	2	0	300	
27	108	3	16	648	858	5	3	1	300	
27	108	3	16	113	423	5	4	0	300	
28	180	114	9	780	1090	5	1	1	300	
28	180	114	9	530	740	5	2	1	300	
28	180	114	9	487	797	5	3	1	300	
28	180	114	9	443	753	5	4	0	300	
29	29	72	13	729	939	5	1	1	300	
29	29	72	13	693	903	5	2	1	300	
29	29	72	13	53	363	5	3	0	300	
29	29	72	13	592	1002	5	4	1	300	
30	179	123	4	39	449	5	1	0	300	
30	179	123	4	419	629	5	2	1	300	
30	179	123	4	472	682	5	3	0	300	
30	179	123	4	559	769	5	4	1	300	
31	216	203	5	551	861	5	1	1	300	
31	216	203	5	452	862	5	2	1	300	
31	216	203	5	569	979	5	3	0	300	
31	216	203	5	468	778	5	4	1	300	
32	173	148	9	708	1018	5	1	0	300	
32	173	148	9	691	901	5	2	1	300	
32	173	148	9	757	967	5	3	1	300	
32	173	148	9	151	561	5	4	0	300	
33	112	272	18	347	657	5	1	1	300	
33	112	272	18	714	924	5	2	0	300	
33	112	272	18	519	929	5	3	1	300	
33	112	272	18	429	739	5	4	1	300	
34	111	40	22	465	875	5	1	0	300	
34	111	40	22	612	822	5	2	1	300	
34	111	40	22	516	726	5	3	0	300	
34	111	40	22	423	633	5	4	1	300	
35	191	49	12	140	550	5	1	0	300	
35	191	49	12	84	494	5	2	1	300	
35	191	49	12	165	575	5	3	1	300	
35	191	49	12	344	554	5	4	0	300	
36	220	18	38	631	841	5	1	1	300	
36	220	18	38	459	669	5	2	1	300	
36	220	18	38	529	739	5	3	0	300	
36	220	18	38	302	712	5	4	1	300	
37	36	212	4	135	545	5	1	0	300	
37	36	212	4	263	673	5	2	1	300	
37	36	212	4	180	390	5	3	0	300	
37	36	212	4	329	739	5	4	1	300	
38	182	146	3	618	828	5	1	0	300	
38	182	146	3	469	679	5	2	1	300	
38	182	146	3	527	737	5	3	1	300	
38	182	146	3	433	743	5	4	1	300	
39	274	66	21	185	395	5	1	0	300	
39	274	66	21	151	561	5	2	1	300	
39	274	66	21	493	903	5	3	1	300	
39	274	66	21	203	613	5	4	0	300	
40	102	76	17	453	863	5	1	1	300	
40	102	76	17	444	854	5	2	1	300	
40	102	76	17	31	241	5	3	1	300	
40	102	76	17	228	638	5	4	1	300	
41	78	246	37	0	1206	5	1	1	0	
41	78	246	37	0	1206	5	2	1	0	
41	78	246	37	0	1206	5	3	1	0	
41	78	246	37	0	1206	5	4	1	0	
42	188	198	28	0	1206	5	1	1	0	
42	188	198	28	0	1206	5	2	1	0	
42	188	198	28	0	1206	5	3	1	0	
42	188	198	28	0	1206	5	4	1	0	
43	80	131	44	0	1206	5	1	1	0	
43	80	131	44	0	1206	5	2	1	0	
43	80	131	44	0	1206	5	3	1	0	
43	80	131	44	0	1206	5	4	1	0	
44	241	183	12	0	1206	5	1	1	0	
44	241	183	12	0	1206	5	2	1	0	
44	241	183	12	0	1206	5	3	1	0	
44	241	183	12	0	1206	5	4	1	0	
45	148	8	13	0	1206	5	1	1	0	
45	148	8	13	0	1206	5	2	1	0	
45	148	8	13	0	1206	5	3	1	0	
45	148	8	13	0	1206	5	4	1	0	
46	296	15	13	0	1206	5	1	1	0	
46	296	15	13	0	1206	5	2	1	0	
46	296	15	13	0	1206	5	3	1	0	
46	296	15	13	0	1206	5	4	1	0	
47	51	63	36	0	1206	5	1	1	0	
47	51	63	36	0	1206	5	2	1	0	
47	51	63	36	0	1206	5	3	1	0	
47	51	63	36	0	1206	5	4	1	0	
48	224	229	16	0	1206	5	1	1	0	
48	224	229	16	0	1206	5	2	1	0	
48	224	229	16	0	1206	5	3	1	0	
48	224	229	16	0	1206	5	4	1	0	
49	149	98	55	0	1206	5	1	1	0	
49	149	98	55	0	1206	5	2	1	0	
49	149	98	55	0	1206	5	3	1	0	
49	149	98	55	0	1206	5	4	1	0	
50	142	188	62	0	1206	5	1	1	0	
50	142	188	62	0	1206	5	2	1	0	
50	142	188	62	0	1206	5	3	1	0	
50	142	188	62	0	1206	5	4	1	0	
51	11	185	30	0	1206	5	1	1	0	
51	11	185	30	0	1206	5	2	1	0	
51	11	185	30	0	1206	5	3	1	0	
51	11	185	30	0	1206	5	4	1	0	
52	159	41	41	0	1206	5	1	1	0	
52	159	41	41	0	1206	5	2	1	0	
52	159	41	41	0	1206	5	3	1	0	
52	159	41	41	0	1206	5	4	1	0	
53	72	89	33	0	1206	5	1	1	0	
53	72	89	33	0	1206	5	2	1	0	
53	72	89	33	0	1206	5	3	1	0	
53	72	89	33	0	1206	5	4	1	0	
54	139	270	15	0	1206	5	1	1	0	
54	139	270	15	0	1206	5	2	1	0	
54	139	270	15	0	1206	5	3	1	0	
54	139	270	15	0	1206	5	4	1	0	
55	143	244	23	0	1206	5	1	1	0	
55	143	244	23	0	1206	5	2	1	0	
55	143	244	23	0	1206	5	3	1	0	
55	143	244	23	0	1206	5	4	1	0	
56	76	280	77	0	1206	5	1	1	0	
56	76	280	77	0	1206	5	2	1	0	
56	76	280	77	0	1206	5	3	1	0	
56	76	280	77	0	1206	5	4	1	0	
57	280	158	64	0	1206	5	1	1	0	
57	280	158	64	0	1206	5	2	1	0	
57	280	158	64	0	1206	5	3	1	0	
57	280	158	64	0	1206	5	4	1	0	
58	37	36	46	0	1206	5	1	1	0	
58	37	36	46	0	1206	5	2	1	0	
58	37	36	46	0	1206	5	3	1	0	
58	37	36	46	0	1206	5	4	1	0	
59	229	25	67	0	1206	5	1	1	0	
59	229	25	67	0	1206	5	2	1	0	
59	229	25	67	0	1206	5	3	1	0	
59	229	25	67	0	1206	5	4	1	0	
60	274	256	20	0	1206	5	1	1	0	
60	274	256	20	0	1206	5	2	1	0	
60	274	256	20	0	1206	5	3	1	0	
60	274	256	20	0	1206	5	4	1	0	
61	283	144	56	0	1206	5	1	1	0	
61	283	144	56	0	1206	5	2	1	0	
61	283	144	56	0	1206	5	3	1	0	
61	283	144	56	0	1206	5	4	1	0	
62	107	291	47	0	1206	5	1	1	0	
62	107	291	47	0	1206	5	2	1	0	
62	107	291	47	0	1206	5	3	1	0	
62	107	291	47	0	1206	5	4	1	0	
63	120	241	60	0	1206	5	1	1	0	
63	120	241	60	0	1206	5	2	1	0	
63	120	241	60	0	1206	5	3	1	0	
63	120	241	60	0	1206	5	4	1	0	
64	177	281	36	0	1206	5	1	1	0	
64	177	281	36	0	1206	5	2	1	0	
64	177	281	36	0	1206	5	3	1	0	
64	177	281	36	0	1206	5	4	1	0	
65	3	135	57	0	1206	5	1	1	0	
65	3	135	57	0	1206	5	2	1	0	
65	3	135	57	0	1206	5	3	1	0	
65	3	135	57	0	1206	5	4	1	0	
66	93	117	25	0	1206	5	1	1	0	
66	93	117	25	0	1206	5	2	1	0	
66	93	117	25	0	1206	5	3	1	0	
66	93	117	25	0	1206	5	4	1	0	
67	211	62	8	0	1206	5	1	1	0	
67	211	62	8	0	1206	5	2	1	0	
67	211	62	8	0	1206	5	3	1	0	
67	211	62	8	0	1206	5	4	1	0	
68	143	67	44	0	1206	5	1	1	0	
68	143	67	44	0	1206	5	2	1	0	
68	143	67	44	0	1206	5	3	1	0	
68	143	67	44	0	1206	5	4	1	0	
69	300	44	23	0	1206	5	1	1	0	
69	300	44	23	0	1206	5	2	1	0	
69	300	44	23	0	1206	5	3	1	0	
69	300	44	23	0	1206	5	4	1	0	
70	173	72	8	0	1206	5	1	1	0	
70	173	72	8	0	1206	5	2	1	0	
70	173	72	8	0	1206	5	3	1	0	
70	173	72	8	0	1206	5	4	1	0	
71	126	233	70	0	1206	5	1	1	0	
71	126	233	70	0	1206	5	2	1	0	
71	126	233	70	0	1206	5	3	1	0	
71	126	233	70	0	1206	5	4	1	0	
72	7	31	79	0	1206	5	1	1	0	
72	7	31	79	0	1206	5	2	1	0	
72	7	31	79	0	1206	5	3	1	0	
72	7	31	79	0	1206	5	4	1	0	
73	251	195	63	0	1206	5	1	1	0	
73	251	195	63	0	1206	5	2	1	0	
73	251	195	63	0	1206	5	3	1	0	
73	251	195	63	0	1206	5	4	1	0	
74	33	231	36	0	1206	5	1	1	0	
74	33	231	36	0	1206	5	2	1	0	
74	33	231	36	0	1206	5	3	1	0	
74	33	231	36	0	1206	5	4	1	0	
75	297	213	71	0	1206	5	1	1	0	
75	297	213	71	0	1206	5	2	1	0	
75	297	213	71	0	1206	5	3	1	0	
75	297	213	71	0	1206	5	4	1	0	
76	205	44	49	0	1206	5	1	1	0	
76	205	44	49	0	1206	5	2	1	0	
76	205	44	49	0	1206	5	3	1	0	
76	205	44	49	0	1206	5	4	1	0	
77	266	39	46	0	1206	5	1	1	0	
77	266	39	46	0	1206	5	2	1	0	
77	266	39	46	0	1206	5	3	1	0	
77	266	39	46	0	1206	5	4	1	0	
78	26	0	62	0	1206	5	1	1	0	
78	26	0	62	0	1206	5	2	1	0	
78	26	0	62	0	1206	5	3	1	0	
78	26	0	62	0	1206	5	4	1	0	
79	18	184	54	0	1206	5	1	1	0	
79	18	184	54	0	1206	5	2	1	0	
79	18	184	54	0	1206	5	3	1	0	
79	18	184	54	0	1206	5	4	1	0	
80	135	139	52	0	1206	5	1	1	0	
80	135	139	52	0	1206	5	2	1	0	
80	135	139	52	0	1206	5	3	1	0	
80	135	139	52	0	1206	5	4	1	0	
0	150	150	0	0	1206	0	1	1	0
0	150	150	0	0	1206	0	2	1	0
0	150	150	0	0	1206	0	3	1	0
0	150	150	0	0	1206	0	4	1	0
