r2_6_1

VEHICLE_1			COST	COST	COST	VEHICLE_2			COST	COST	COST			
NUMBER	CAPACITY_1	OPER_1	PENAL_1	IDLE_1	NUMBER	CAPACITY_2	OPER_2	PENAL_2	IDLE_2	HOME	E_BIN	PERIOD_NUM
20	500	2	7	3	20	100	1	2	5	40	40	4

ID	X	Y	D	LB	UB	S	K	A
CUST_NO.	XCOORD.	YCOORD.	DEMAND	READY_TIME	DUE_DATE	SERVICE_TIME	PERIODS	AVAILABILITY	CUS_PAY
 
0	150	150	0	0	4823	0	1	1	0
0	150	150	0	0	4823	0	2	1	0
0	150	150	0	0	4823	0	3	1	0
0	150	150	0	0	4823	0	4	1	0
1	224	229	16	1384	1464	5	1	1	300	
1	224	229	16	3855	3938	5	2	0	300	
1	224	229	16	766	861	5	3	1	300	
1	224	229	16	2191	2278	5	4	1	300	
2	175	123	23	3299	3402	5	1	1	300	
2	175	123	23	2256	2391	5	2	1	300	
2	175	123	23	1411	1477	5	3	0	300	
2	175	123	23	3040	3187	5	4	1	300	
3	274	256	10	3174	3317	5	1	0	300	
3	274	256	10	1341	1440	5	2	1	300	
3	274	256	10	3602	3750	5	3	1	300	
3	274	256	10	3490	3588	5	4	0	300	
4	256	286	31	3140	3334	5	1	1	300	
4	256	286	31	438	572	5	2	0	300	
4	256	286	31	4032	4178	5	3	1	300	
4	256	286	31	948	1108	5	4	1	300	
5	162	92	2	523	665	5	1	1	300	
5	162	92	2	2831	3040	5	2	0	300	
5	162	92	2	2992	3042	5	3	1	300	
5	162	92	2	3520	3641	5	4	0	300	
6	11	242	16	2061	2195	5	1	1	300	
6	11	242	16	592	699	5	2	1	300	
6	11	242	16	2179	2311	5	3	0	300	
6	11	242	16	3130	3245	5	4	1	300	
7	14	165	7	2052	2208	5	1	1	300	
7	14	165	7	3451	3590	5	2	0	300	
7	14	165	7	2671	2818	5	3	1	300	
7	14	165	7	1799	1877	5	4	1	300	
8	202	161	16	141	285	5	1	1	300	
8	202	161	16	2048	2199	5	2	1	300	
8	202	161	16	3865	3963	5	3	0	300	
8	202	161	16	2930	3030	5	4	1	300	
9	31	68	27	1987	2117	5	1	0	300	
9	31	68	27	3102	3188	5	2	1	300	
9	31	68	27	2915	3013	5	3	0	300	
9	31	68	27	3581	3724	5	4	1	300	
10	140	294	18	1662	1733	5	1	1	300	
10	140	294	18	456	614	5	2	1	300	
10	140	294	18	169	259	5	3	0	300	
10	140	294	18	2446	2590	5	4	1	300	
11	251	195	33	1137	1290	5	1	1	300	
11	251	195	33	612	745	5	2	0	300	
11	251	195	33	972	1101	5	3	1	300	
11	251	195	33	2115	2193	5	4	0	300	
12	72	89	13	2204	2338	5	1	1	300	
12	72	89	13	3259	3407	5	2	1	300	
12	72	89	13	1944	2049	5	3	0	300	
12	72	89	13	1228	1342	5	4	1	300	
13	73	81	15	2234	2332	5	1	0	300	
13	73	81	15	69	160	5	2	1	300	
13	73	81	15	1962	2130	5	3	0	300	
13	73	81	15	2181	2295	5	4	1	300	
14	206	121	10	2965	3124	5	1	1	300	
14	206	121	10	498	672	5	2	0	300	
14	206	121	10	286	311	5	3	1	300	
14	206	121	10	508	661	5	4	1	300	
15	11	185	30	1052	1217	5	1	1	300	
15	11	185	30	144	279	5	2	1	300	
15	11	185	30	1556	1694	5	3	1	300	
15	11	185	30	1996	2129	5	4	1	300	
16	110	31	15	1460	1564	5	1	0	300	
16	110	31	15	1351	1493	5	2	1	300	
16	110	31	15	665	755	5	3	0	300	
16	110	31	15	4063	4210	5	4	1	300	
17	34	5	16	2943	3058	5	1	0	300	
17	34	5	16	1222	1309	5	2	1	300	
17	34	5	16	1359	1468	5	3	1	300	
17	34	5	16	1098	1202	5	4	0	300	
18	239	84	17	2352	2441	5	1	1	300	
18	239	84	17	2416	2523	5	2	0	300	
18	239	84	17	1515	1652	5	3	1	300	
18	239	84	17	1330	1488	5	4	0	300	
19	110	145	8	642	803	5	1	1	300	
19	110	145	8	1955	2094	5	2	0	300	
19	110	145	8	3651	3732	5	3	1	300	
19	110	145	8	1120	1168	5	4	1	300	
20	160	179	32	3129	3228	5	1	0	300	
20	160	179	32	1603	1743	5	2	1	300	
20	160	179	32	1093	1155	5	3	1	300	
20	160	179	32	544	667	5	4	1	300	
21	127	77	11	3354	3404	5	1	0	300	
21	127	77	11	2573	2727	5	2	1	300	
21	127	77	11	1599	1693	5	3	1	300	
21	127	77	11	3051	3208	5	4	1	300	
22	274	136	11	3230	3325	5	1	1	300	
22	274	136	11	2535	2708	5	2	1	300	
22	274	136	11	1965	2113	5	3	1	300	
22	274	136	11	85	181	5	4	0	300	
23	232	45	15	3233	3383	5	1	1	300	
23	232	45	15	2599	2727	5	2	0	300	
23	232	45	15	439	551	5	3	1	300	
23	232	45	15	3136	3263	5	4	0	300	
24	2	238	21	3352	3492	5	1	1	300	
24	2	238	21	3202	3318	5	2	1	300	
24	2	238	21	1648	1768	5	3	0	300	
24	2	238	21	2565	2737	5	4	1	300	
25	131	78	8	2314	2430	5	1	0	300	
25	131	78	8	470	617	5	2	1	300	
25	131	78	8	2523	2690	5	3	1	300	
25	131	78	8	3515	3623	5	4	0	300	
26	76	280	27	1941	2057	5	1	1	300	
26	76	280	27	857	994	5	2	1	300	
26	76	280	27	3964	4078	5	3	0	300	
26	76	280	27	548	702	5	4	1	300	
27	120	60	12	2081	2139	5	1	1	300	
27	120	60	12	1970	2079	5	2	1	300	
27	120	60	12	2274	2382	5	3	0	300	
27	120	60	12	1892	2066	5	4	1	300	
28	283	65	27	1794	1926	5	1	1	300	
28	283	65	27	695	827	5	2	0	300	
28	283	65	27	814	999	5	3	1	300	
28	283	65	27	3452	3530	5	4	1	300	
29	262	164	18	3621	3681	5	1	1	300	
29	262	164	18	2916	3015	5	2	0	300	
29	262	164	18	2325	2495	5	3	1	300	
29	262	164	18	3774	3854	5	4	0	300	
30	37	149	24	1490	1602	5	1	1	300	
30	37	149	24	140	222	5	2	1	300	
30	37	149	24	201	270	5	3	0	300	
30	37	149	24	1568	1730	5	4	1	300	
31	124	299	9	1179	1280	5	1	0	300	
31	124	299	9	1749	1904	5	2	1	300	
31	124	299	9	2515	2623	5	3	1	300	
31	124	299	9	1688	1847	5	4	0	300	
32	139	31	15	1903	2050	5	1	1	300	
32	139	31	15	3343	3446	5	2	1	300	
32	139	31	15	622	792	5	3	0	300	
32	139	31	15	2564	2657	5	4	1	300	
33	246	123	18	2269	2406	5	1	0	300	
33	246	123	18	3540	3611	5	2	1	300	
33	246	123	18	3925	4021	5	3	0	300	
33	246	123	18	750	860	5	4	1	300	
34	159	199	12	3265	3406	5	1	0	300	
34	159	199	12	647	707	5	2	1	300	
34	159	199	12	3298	3433	5	3	0	300	
34	159	199	12	1503	1630	5	4	1	300	
35	250	228	22	3088	3245	5	1	0	300	
35	250	228	22	383	473	5	2	1	300	
35	250	228	22	2997	3176	5	3	0	300	
35	250	228	22	3175	3336	5	4	1	300	
36	172	225	13	420	576	5	1	0	300	
36	172	225	13	2030	2186	5	2	1	300	
36	172	225	13	3870	4002	5	3	0	300	
36	172	225	13	3660	3814	5	4	1	300	
37	75	265	14	2664	2788	5	1	1	300	
37	75	265	14	4114	4191	5	2	1	300	
37	75	265	14	425	477	5	3	0	300	
37	75	265	14	3048	3156	5	4	1	300	
38	158	140	5	12	98	5	1	0	300	
38	158	140	5	1843	1950	5	2	1	300	
38	158	140	5	615	720	5	3	1	300	
38	158	140	5	1389	1486	5	4	1	300	
39	154	207	10	1668	1802	5	1	1	300	
39	154	207	10	1601	1708	5	2	1	300	
39	154	207	10	1962	2110	5	3	1	300	
39	154	207	10	4366	4443	5	4	0	300	
40	44	223	22	1036	1124	5	1	1	300	
40	44	223	22	3536	3642	5	2	0	300	
40	44	223	22	1541	1703	5	3	1	300	
40	44	223	22	340	418	5	4	0	300	
41	132	16	66	0	4823	5	1	1	0	
41	132	16	66	0	4823	5	2	1	0	
41	132	16	66	0	4823	5	3	1	0	
41	132	16	66	0	4823	5	4	1	0	
42	9	63	23	0	4823	5	1	1	0	
42	9	63	23	0	4823	5	2	1	0	
42	9	63	23	0	4823	5	3	1	0	
42	9	63	23	0	4823	5	4	1	0	
43	184	277	67	0	4823	5	1	1	0	
43	184	277	67	0	4823	5	2	1	0	
43	184	277	67	0	4823	5	3	1	0	
43	184	277	67	0	4823	5	4	1	0	
44	230	128	31	0	4823	5	1	1	0	
44	230	128	31	0	4823	5	2	1	0	
44	230	128	31	0	4823	5	3	1	0	
44	230	128	31	0	4823	5	4	1	0	
45	40	181	36	0	4823	5	1	1	0	
45	40	181	36	0	4823	5	2	1	0	
45	40	181	36	0	4823	5	3	1	0	
45	40	181	36	0	4823	5	4	1	0	
46	228	41	26	0	4823	5	1	1	0	
46	228	41	26	0	4823	5	2	1	0	
46	228	41	26	0	4823	5	3	1	0	
46	228	41	26	0	4823	5	4	1	0	
47	209	269	27	0	4823	5	1	1	0	
47	209	269	27	0	4823	5	2	1	0	
47	209	269	27	0	4823	5	3	1	0	
47	209	269	27	0	4823	5	4	1	0	
48	23	218	23	0	4823	5	1	1	0	
48	23	218	23	0	4823	5	2	1	0	
48	23	218	23	0	4823	5	3	1	0	
48	23	218	23	0	4823	5	4	1	0	
49	151	133	23	0	4823	5	1	1	0	
49	151	133	23	0	4823	5	2	1	0	
49	151	133	23	0	4823	5	3	1	0	
49	151	133	23	0	4823	5	4	1	0	
50	45	190	55	0	4823	5	1	1	0	
50	45	190	55	0	4823	5	2	1	0	
50	45	190	55	0	4823	5	3	1	0	
50	45	190	55	0	4823	5	4	1	0	
51	121	246	59	0	4823	5	1	1	0	
51	121	246	59	0	4823	5	2	1	0	
51	121	246	59	0	4823	5	3	1	0	
51	121	246	59	0	4823	5	4	1	0	
52	188	142	30	0	4823	5	1	1	0	
52	188	142	30	0	4823	5	2	1	0	
52	188	142	30	0	4823	5	3	1	0	
52	188	142	30	0	4823	5	4	1	0	
53	279	189	60	0	4823	5	1	1	0	
53	279	189	60	0	4823	5	2	1	0	
53	279	189	60	0	4823	5	3	1	0	
53	279	189	60	0	4823	5	4	1	0	
54	147	43	44	0	4823	5	1	1	0	
54	147	43	44	0	4823	5	2	1	0	
54	147	43	44	0	4823	5	3	1	0	
54	147	43	44	0	4823	5	4	1	0	
55	234	213	15	0	4823	5	1	1	0	
55	234	213	15	0	4823	5	2	1	0	
55	234	213	15	0	4823	5	3	1	0	
55	234	213	15	0	4823	5	4	1	0	
56	176	153	24	0	4823	5	1	1	0	
56	176	153	24	0	4823	5	2	1	0	
56	176	153	24	0	4823	5	3	1	0	
56	176	153	24	0	4823	5	4	1	0	
57	176	72	36	0	4823	5	1	1	0	
57	176	72	36	0	4823	5	2	1	0	
57	176	72	36	0	4823	5	3	1	0	
57	176	72	36	0	4823	5	4	1	0	
58	109	61	47	0	4823	5	1	1	0	
58	109	61	47	0	4823	5	2	1	0	
58	109	61	47	0	4823	5	3	1	0	
58	109	61	47	0	4823	5	4	1	0	
59	198	100	35	0	4823	5	1	1	0	
59	198	100	35	0	4823	5	2	1	0	
59	198	100	35	0	4823	5	3	1	0	
59	198	100	35	0	4823	5	4	1	0	
60	167	193	69	0	4823	5	1	1	0	
60	167	193	69	0	4823	5	2	1	0	
60	167	193	69	0	4823	5	3	1	0	
60	167	193	69	0	4823	5	4	1	0	
61	265	197	25	0	4823	5	1	1	0	
61	265	197	25	0	4823	5	2	1	0	
61	265	197	25	0	4823	5	3	1	0	
61	265	197	25	0	4823	5	4	1	0	
62	8	227	83	0	4823	5	1	1	0	
62	8	227	83	0	4823	5	2	1	0	
62	8	227	83	0	4823	5	3	1	0	
62	8	227	83	0	4823	5	4	1	0	
63	208	117	45	0	4823	5	1	1	0	
63	208	117	45	0	4823	5	2	1	0	
63	208	117	45	0	4823	5	3	1	0	
63	208	117	45	0	4823	5	4	1	0	
64	74	117	74	0	4823	5	1	1	0	
64	74	117	74	0	4823	5	2	1	0	
64	74	117	74	0	4823	5	3	1	0	
64	74	117	74	0	4823	5	4	1	0	
65	89	61	34	0	4823	5	1	1	0	
65	89	61	34	0	4823	5	2	1	0	
65	89	61	34	0	4823	5	3	1	0	
65	89	61	34	0	4823	5	4	1	0	
66	112	161	61	0	4823	5	1	1	0	
66	112	161	61	0	4823	5	2	1	0	
66	112	161	61	0	4823	5	3	1	0	
66	112	161	61	0	4823	5	4	1	0	
67	158	83	27	0	4823	5	1	1	0	
67	158	83	27	0	4823	5	2	1	0	
67	158	83	27	0	4823	5	3	1	0	
67	158	83	27	0	4823	5	4	1	0	
68	37	14	59	0	4823	5	1	1	0	
68	37	14	59	0	4823	5	2	1	0	
68	37	14	59	0	4823	5	3	1	0	
68	37	14	59	0	4823	5	4	1	0	
69	14	204	49	0	4823	5	1	1	0	
69	14	204	49	0	4823	5	2	1	0	
69	14	204	49	0	4823	5	3	1	0	
69	14	204	49	0	4823	5	4	1	0	
70	80	131	24	0	4823	5	1	1	0	
70	80	131	24	0	4823	5	2	1	0	
70	80	131	24	0	4823	5	3	1	0	
70	80	131	24	0	4823	5	4	1	0	
71	143	67	24	0	4823	5	1	1	0	
71	143	67	24	0	4823	5	2	1	0	
71	143	67	24	0	4823	5	3	1	0	
71	143	67	24	0	4823	5	4	1	0	
72	266	203	46	0	4823	5	1	1	0	
72	266	203	46	0	4823	5	2	1	0	
72	266	203	46	0	4823	5	3	1	0	
72	266	203	46	0	4823	5	4	1	0	
73	132	297	90	0	4823	5	1	1	0	
73	132	297	90	0	4823	5	2	1	0	
73	132	297	90	0	4823	5	3	1	0	
73	132	297	90	0	4823	5	4	1	0	
74	149	98	35	0	4823	5	1	1	0	
74	149	98	35	0	4823	5	2	1	0	
74	149	98	35	0	4823	5	3	1	0	
74	149	98	35	0	4823	5	4	1	0	
75	6	168	41	0	4823	5	1	1	0	
75	6	168	41	0	4823	5	2	1	0	
75	6	168	41	0	4823	5	3	1	0	
75	6	168	41	0	4823	5	4	1	0	
76	148	157	34	0	4823	5	1	1	0	
76	148	157	34	0	4823	5	2	1	0	
76	148	157	34	0	4823	5	3	1	0	
76	148	157	34	0	4823	5	4	1	0	
77	209	246	56	0	4823	5	1	1	0	
77	209	246	56	0	4823	5	2	1	0	
77	209	246	56	0	4823	5	3	1	0	
77	209	246	56	0	4823	5	4	1	0	
78	37	258	61	0	4823	5	1	1	0	
78	37	258	61	0	4823	5	2	1	0	
78	37	258	61	0	4823	5	3	1	0	
78	37	258	61	0	4823	5	4	1	0	
79	212	270	41	0	4823	5	1	1	0	
79	212	270	41	0	4823	5	2	1	0	
79	212	270	41	0	4823	5	3	1	0	
79	212	270	41	0	4823	5	4	1	0	
80	159	42	73	0	4823	5	1	1	0	
80	159	42	73	0	4823	5	2	1	0	
80	159	42	73	0	4823	5	3	1	0	
80	159	42	73	0	4823	5	4	1	0	
0	150	150	0	0	4823	0	1	1	0
0	150	150	0	0	4823	0	2	1	0
0	150	150	0	0	4823	0	3	1	0
0	150	150	0	0	4823	0	4	1	0
